2886.000057
777.000194
3792.999915
2334.999994
492.000035
649.000084
2361.999927
2027.000039
59.000084
1763.000009
540.000059
3425.999974
3736.000058
1210.999861
2566.999922
429.000068
1529.999957
2861.999977
2066.999883
3134.999973
3801.999952
2021.999966
1069.000061
2166.999913
2455.999967
3010.999696
229.000038
1373.000030
919.000012
1784.000026
3197.999980
2323.999997
369.999981
2413.000009
91.000049
980.000030
1872.999974
2862.000147
2995.999998
1281.000037
924.999974
1083.999961
335.999944
2505.000014
1728.999800
1312.999886
124.000076
1895.000218
545.000004
2813.999985
3434.000287
2363.999933
1750.000100
3086.999495
1275.999997
3177.999966
1583.999951
1402.999996
754.000023
398.999949
3059.999948
1676.000000
3739.000029
2012.000028
2585.999998
94.000090
795.000031
570.000019
378.000104
1467.000335
2096.999989
902.000054
2492.000077
2651.999886
1300.999994
280.000033
1441.000068
1865.000052
443.999989
2619.000048
729.000043
2030.999997
2096.999889
1771.000068
2674.999996
709.000041
567.000047
1856.000008
353.000011
2586.000076
3305.999964
683.000067
624.000282
3528.000430
1731.994704
828.993456
2018.999926
2270.000028
3708.000024
2715.000839
2148.999827
3796.000011
2617.999917
2245.000021
1451.000021
921.000027
378.981671
1487.990880
228.000027
1840.999997
1193.000025
1499.999946
3763.999923
2124.000014
-nan
-nan
2491.000012
2227.000015
1859.000211
1935.999881
550.999484
436.999904
1275.000029
3406.999942
121.000120
858.000019
29.000737
1237.000229
1793.000025
1818.000025
2143.000036
3010.999957
3529.000060
2776.000041
442.999601
3763.000320
2538.000263
2605.999715
2904.000000
818.000055
2688.000027
1369.000228
1916.999980
2995.999938
3742.999881
3469.999674
2490.000001
3498.999922
2724.999989
1643.999997
1505.000091
139.000011
1785.999995
3668.999941
542.000008
463.999708
3506.999998
3354.999966
348.000100
2610.999865
3827.999951
1298.999959
3746.000009
3567.999896
3422.000009
3310.999964
3604.999956
1801.000009
1730.000028
877.999908
1319.999862
2735.999874
625.999982
522.000011
2707.995617
1416.000351
1257.999979
923.999970
2061.999395
1623.998826
36.000105
1452.000005
3378.999948
1549.999937
2070.999961
973.000037
3880.999907
929.999970
1893.999924
2659.999971
1198.999980
3980.999893
995.999962
959.000026
812.999988
3667.999971
1095.000006
926.000016
1084.000026
3339.999944
3684.000105
3376.000059
3935.999888
3107.000005
3755.999873
1179.000154
2887.000013
1411.999998
172.013643
3658.993177
2336.000007
1210.000025
3586.999932
2205.999928
1712.999974
3371.999932
1254.999830
819.000136
1721.000006
1903.999998
3811.000267
1940.000182
3704.999759
2227.999824
1150.000106
1984.000136
3920.000264
1224.000445
3269.000013
1396.000016
1630.000001
84.000021
3971.999908
3671.999937
3625.000012
1385.000017
3299.000097
2639.999905
3897.999946
713.000048
190.000149
524.000027
208.999972
580.999822
3335.999962
1731.999984
3993.999697
2004.000089
2768.999968
1273.000040
850.000024
3254.999950
142.000041
3579.000012
1993.000007
3204.999978
3567.000001
2504.000060
1961.000010
2753.999962
2258.995475
2943.998964
1202.000016
3505.999949
2020.999993
2841.999952
1527.999968
3188.999996
1907.999931
1957.999755
36.000097
2808.000009
2248.000030
3302.999842
133.000055
1647.999996
3754.000018
1566.999921
2367.999868
3528.999869
2045.999962
1788.000063
2248.999986
2989.999754
3032.999977
1363.000058
2252.999965
2892.000187
3124.999942
1151.999959
1975.000009
1187.999997
3729.000160
3435.999936
1413.999866
3920.999848
2304.000020
28.000141
2049.999990
2747.999950
902.000332
794.000330
2699.000060
3042.999917
2.000124
2428.000045
499.999930
680.999617
538.000060
159.000122
2534.999974
2134.000057
3692.000693
2215.000759
504.000095
3629.000013
2963.999959
2284.999921
3342.999977
335.000064
2900.000027
1237.999952
948.983010
289.005733
1987.999784
292.000082
742.999671
1144.000381
2390.000009
1681.999893
1540.999973
569.000074
2232.000021
261.000033
2360.000001
1117.000026
2760.999975
81.000042
3189.999969
3424.999971
2366.999997
2676.999945
2689.999981
3625.999971
2057.000147
1614.000315
205.000128
2358.000030
3385.999896
1100.000009
2725.999980
2994.000065
552.000026
1578.000003
946.018396
289.993938
970.000073
3051.000017
3631.000094
2592.999999
2626.999996
1312.000173
3213.999924
355.000082
90.000052
2412.000027
1610.000129
2969.000063
274.000090
2355.000071
620.000030
1432.999995
1888.000022
2338.000007
3770.000043
3284.000008
2416.999983
605.999981
1849.000022
237.000035
1059.000046
3216.999886
2944.999983
2782.999978
457.996977
2872.999658
288.999751
483.000176
2477.999938
756.999969
2470.999946
1728.999929
1458.999902
3618.000052
2025.000095
3387.999815
3232.999970
2157.000013
3493.000014
358.000047
2699.003640
1416.999442
3569.000037
363.000027
793.999745
1172.999817
431.000094
1462.000074
3389.999921
292.000118
1057.000074
3115.000030
157.000179
573.999894
1946.999940
2950.999962
3020.999973
2537.000004
1054.000069
2030.000107
3324.999889
1081.000062
1515.999924
1002.000017
2138.999828
1795.999935
2337.999995
2579.999934
3020.999896
1970.000200
812.000015
3378.999966
684.999746
3536.000124
176.000038
1483.000012
3759.000006
856.999999
1499.000057
1910.999963
3949.999328
1236.000038
3817.999981
3105.000031
48.999841
1243.999921
1804.999997
3933.999938
1375.000085
2955.000002
1588.999881
3768.000013
917.999254
804.999613
822.000021
982.000071
29.999760
1093.000251
2125.999792
2593.000040
2253.000041
2543.000002
3813.999814
2713.000002
2376.999984
2761.999948
3087.999985
919.000026
2731.999908
2293.999834
346.000044
235.000081
1691.000008
1153.000042
2573.000845
2328.002645
1291.000020
2710.000108
1217.000090
836.000308
3054.999928
3089.999971
2130.000026
2903.999982
660.999989
1632.999997
788.999939
1072.999677
851.000004
3804.999940
3867.999931
503.000050
3005.999912
2194.999973
2948.999932
1120.000031
226.000202
2763.000074
2596.000037
3980.999853
3559.999911
3035.999951
3770.000008
1518.000068
2341.999970
2532.000107
379.000029
3320.999977
2983.999992
172.000088
233.999911
39.999843
2071.999861
3397.999821
1062.999999
2346.999936
2030.000064
2573.000086
2058.999917
1522.000115
2924.000052
1082.000148
3232.000033
1203.999946
2442.999986
3897.999949
3639.999978
278.000121
2262.000000
3262.000076
1040.999795
3847.999959
324.000230
2271.999976
2153.999976
3334.999955
1457.000076
1364.999618
3170.999943
3775.999973
1218.001031
2700.999971
2653.000255
1933.000202
1959.000042
728.000026
3796.999998
720.000071
1308.000010
3333.999952
2990.999805
376.000342
715.000119
1052.000069
2188.999972
3558.999965
2010.000022
1016.000024
1108.999980
539.000047
1377.999538
2109.000023
3081.000030
1114.000081
1989.000004
3425.999840
1147.000007
3222.999881
230.999962
531.999818
3281.000171
3874.999963
2178.999779
589.999914
3349.999993
3130.999954
3856.999542
1494.001033
2080.999895
2603.000010
433.000020
3981.999916
1487.000624
3414.999939
825.000207
1403.999989
891.999780
2550.999907
2032.000263
3133.999992
2505.999978
2414.999978
3707.999859
595.000035
1961.999658
297.000289
3775.999968
154.000064
3309.000018
2587.000025
3382.000000
3020.999999
1563.000017
860.000016
1211.000148
1685.000001
285.000173
2929.999860
2583.000045
1314.000080
2116.000060
3819.999878
1524.999965
3527.999929
1524.999992
1489.999961
1359.999968
1618.000028
2336.999996
928.000060
2621.000035
310.000001
2888.000071
2224.999881
2569.999942
3436.999943
8.000089
3721.999949
350.000067
2656.999955
3826.999922
1126.000022
2070.999939
2650.999872
910.000158
528.000112
398.000057
1888.000003
393.000111
577.000121
2975.999940
3199.000000
931.000074
2087.000014
99.000104
656.999999
951.999859
1017.000010
735.000019
1368.000048
2184.000015
1195.000036
3804.999758
3266.000128
953.999800
528.000156
3592.999996
1278.000011
555.000031
1671.999969
2445.000036
999.999984
997.000074
2282.999908
2126.999969
2382.000011
2693.000003
3333.999970
3333.999966
421.000005
2984.999638
2956.999804
3760.999778
2761.999769
3540.999993
3715.999880
3849.999942
3661.999870
2398.999918
216.999880
1172.999993
3014.999656
3850.999924
364.000054
263.000229
2491.000158
2037.000130
1536.999982
828.000086
871.000019
-nan
-nan
2340.999943
3969.999950
3665.000006
3510.999996
1516.999971
3361.000297
1351.000114
2111.999953
2505.999948
3637.999987
1364.000040
3488.999955
2154.000020
104.000061
1679.000023
2141.000025
537.999969
2968.999978
170.000050
3955.999880
2759.999938
2648.999983
464.999993
2313.999999
1885.999978
183.000139
2968.999947
1534.999995
620.999992
393.000076
1289.000036
2109.000032
2672.999112
264.000487
2548.000062
2295.000087
313.000064
2833.000083
2948.999947
3354.999869
1792.999920
2467.999839
960.000038
2933.000009
3285.999920
1170.999881
1676.999918
140.000174
2180.999998
760.999987
2323.000116
2049.999925
1954.000045
1074.999997
2042.000152
3623.999912
3919.000176
288.999955
1469.000022
3237.999950
2976.000035
1382.999982
3133.000061
2342.999968
1955.999906
1980.999932
1665.999959
11.000112
2912.000439
2192.000195
901.999951
867.999958
1002.000099
3173.999940
1717.999960
1216.000059
377.000537
1487.000309
2572.999966
2956.999985
125.000056
1932.999748
496.000048
1418.000079
153.000148
3726.000056
979.999988
1393.000007
1948.000310
304.999851
28.999824
1559.000000
160.000098
2561.999969
1718.999994
280.000029
2901.999996
1010.000039
725.999885
3582.999923
2139.999976
3707.999952
937.999984
556.999788
2430.999874
710.000025
1905.005431
1690.001386
1391.000208
3638.000046
3421.000022
3666.999978
2670.999975
180.000088
1094.999780
1899.000406
1088.000024
1153.999987
2568.999964
2232.000044
3709.999963
373.000040
2432.999834
1663.000068
3278.999988
94.000065
3498.999805
2351.000025
1464.000000
3741.999891
86.000082
3515.000015
3914.999913
2185.999991
3010.999959
3633.999902
2387.000093
721.999966
2772.999997
3642.999928
2741.999913
3353.999930
3123.999948
2138.999982
62.999940
1418.000186
1711.999730
1269.000279
1403.999957
2733.000041
733.999998
2818.999962
435.000189
3086.999847
669.000026
2450.000025
2802.000102
837.000099
2088.999965
3609.999980
3959.999898
2703.999983
2556.999987
1828.999996
2815.999969
1891.999967
3522.000123
3604.999911
2579.000061
1360.999881
1378.000025
2446.999955
45.000086
2881.999950
899.000008
3550.999980
1386.000202
2352.999958
2948.001035
794.000286
506.000339
1106.999663
1417.000183
3663.999918
820.000098
2480.000221
1993.999846
2353.999933
437.000083
932.999991
2317.000039
2312.000104
3016.999960
2708.999977
3155.999991
3607.999915
1744.999977
994.999989
1171.000022
295.000028
559.000150
801.000063
2651.999878
2571.000107
2924.999977
3742.999959
1090.999975
2089.000100
3566.000214
2877.999612
3049.999999
1195.999975
1332.999996
213.000067
2499.000006
3369.999996
3567.999883
1115.000037
3341.999966
2638.999928
263.000064
3197.999968
1938.999996
2202.000055
3630.999949
1128.000018
3803.999894
2571.000026
2682.999992
2138.000034
2495.000004
1540.000001
972.000100
3225.999880
2157.999925
1725.000066
2951.999972
1645.000020
1446.000376
1339.000306
3882.999951
1602.999960
3824.999989
3541.999971
2338.999963
3173.999979
596.000015
3329.999975
1294.000009
2013.000080
518.999993
860.000035
1292.000013
1832.000003
2279.000034
3989.999917
2635.000025
3295.000017
107.000082
741.000019
570.000029
976.000018
583.999949
801.000040
2800.000047
3491.999994
2496.000002
440.000058
763.000004
1735.000022
1872.999963
2606.000089
523.000079
251.000066
2750.999922
2530.000035
2703.999967
1164.999999
302.000061
1624.999935
3591.000011
2547.000026
484.000067
3130.999953
919.000028
1931.000027
528.000238
427.000181
3818.999980
1542.999910
1122.999938
3768.000334
3638.999980
642.999974
3987.999884
3393.999986
680.000037
2097.999953
1018.000047
2751.999999
2097.999906
2694.999950
504.999891
3178.999867
66.000039
98.000046
3471.999957
978.000023
2965.999797
797.000043
546.999979
2272.000011
1086.000311
1911.999646
1877.000136
1900.000119
1197.000195
2932.000268
2035.000075
3951.000217
498.000001
2049.000083
1861.000054
2905.999834
2002.999929
3325.000019
428.000039
2797.000069
3632.999939
2115.000069
381.000121
3013.999984
897.000002
100.000073
2408.000023
2329.000231
3312.999779
3878.999916
2316.000012
1913.999989
774.999952
2765.000037
1930.000009
626.000050
2616.000161
2628.999531
3751.999724
3409.000185
1514.999955
3394.999900
428.000783
3775.999324
1613.000378
1025.999966
1062.000056
3786.000011
2762.999986
3099.999938
3397.000066
1415.999995
3981.999911
2544.000001
3319.999939
826.000016
1565.000110
3793.999756
3134.000071
3545.999964
3852.999904
1062.000044
2686.000000
1842.000021
533.999988
3806.999916
2834.000019
868.999920
3814.999959
3983.999923
324.000053
3381.999946
3450.999995
3715.999918
1342.999166
3037.000890
3860.999956
602.000021
1360.000023
88.000067
2619.999920
3941.000053
2923.999967
2627.999994
3707.999978
3161.999997
1870.000031
1995.999926
3465.999936
1811.000054
514.999998
2487.000009
3331.999995
2290.000031
693.000015
3632.999865
2879.999990
3493.999975
1213.000258
853.999223
3444.000019
3474.999972
2737.999968
2750.999938
3872.999886
2810.999953
1167.999999
681.000045
3682.999987
499.000036
2534.999965
1013.999991
768.999965
346.000182
3071.999875
1390.999918
411.000085
622.999952
3056.999582
1836.000109
1439.000079
1281.000171
114.000125
371.000163
1418.000051
596.000055
1883.000050
1763.999949
697.000058
1800.000120
1673.999997
335.000000
1490.000101
1457.000034
3948.999847
529.000078
1690.000051
1291.999976
3628.999976
349.000036
2422.000009
2140.000020
1042.999984
2254.999943
2765.999978
25.000097
3653.000016
2259.999917
1219.999836
2956.999905
3286.999915
983.000077
2720.999985
2825.999935
3204.999981
3126.999984
727.999832
1168.999670
3227.000040
797.999799
3562.999905
3220.999899
1883.000058
616.000059
223.000057
3381.999964
3511.000119
3034.999968
562.999945
608.000018
3767.999974
3894.999941
3659.999912
2967.999948
1009.000104
2172.999990
2887.000065
3254.000070
2056.999972
2481.000043
1928.999952
2395.999881
3941.999769
280.000110
208.999942
855.000214
854.000008
366.000059
3758.999895
1280.999952
1973.000022
1401.000008
1170.999763
1413.000057
3898.999910
2422.000005
1755.000020
1661.000022
780.000022
71.000082
603.000041
2000.000008
0.000106
1941.999984
12.000098
2503.999919
3758.999897
3358.000102
2893.999959
3116.999983
2635.999989
1089.999995
2625.999360
2614.000754
1936.999915
2864.999977
3420.999981
620.000068
862.999893
1400.000010
785.999981
2004.000025
3457.999659
2356.000147
2410.000007
2367.999921
2568.999870
2128.000068
3445.999894
1374.000101
1605.000063
10.000124
1165.000162
2989.000040
2489.999979
926.000074
2237.999987
699.000045
0.000534
1561.999933
1832.000111
2348.000006
2017.000258
1806.999838
496.999836
568.999947
1128.000038
3138.999987
1469.999983
2585.000005
1280.000005
542.000044
2532.999935
1706.999995
2400.000043
550.000157
1484.999960
2788.000017
1189.999930
3139.999989
2646.999969
1325.000100
2461.000081
3693.999943
630.000002
191.000193
1519.999800
1320.000131
537.999865
3141.999966
929.999968
422.000057
1684.999943
3307.999772
1779.999990
1707.999942
2802.000027
3544.999884
521.999758
1087.000387
156.999678
3734.999010
2492.000076
2548.000064
2985.999893
3530.000097
49.000036
1051.000066
956.000013
1589.000005
448.003290
2872.000288
482.000165
557.000201
2575.999518
2336.998670
1219.999981
1138.999984
3004.999924
2014.000008
282.000079
2522.999832
3236.000072
1014.999999
1884.000026
352.999988
724.000027
754.000040
1235.999893
1709.999793
1242.000052
2157.999912
2023.000074
2640.999926
2110.999942
1569.000034
260.000030
2789.999950
1954.999963
2147.000117
1089.000014
2780.999980
3957.999949
2016.999995
1375.000091
3900.999974
2673.999974
978.000034
1377.000016
2566.000014
1669.000051
160.999838
833.000505
2535.999696
906.000003
999.000043
3315.999953
1259.999986
3570.000086
3567.000015
1486.000055
1007.999979
2277.000163
966.000121
435.000003
2692.999985
2945.999982
1718.999963
2211.999987
3095.999942
3540.000176
1117.000003
2673.999911
1949.999929
802.000063
3208.000000
850.999295
2525.000434
3689.999939
2447.000022
675.998996
3933.999490
795.000191
2562.999874
2931.000317
3350.999932
1320.000051
2296.999995
688.000037
861.000018
2974.000064
400.999972
1069.000027
3427.999919
2052.000040
582.000073
3681.999958
1432.999977
3276.999993
1123.000071
2789.999990
2151.000036
2960.000169
2946.000051
446.999988
2229.000044
628.000272
3548.999328
2528.000370
589.000222
3875.999790
3562.999907
1990.000147
984.000215
2758.999894
3035.999946
2383.999983
3070.999938
1237.999847
2700.000054
2538.999956
1490.000043
3774.999950
450.000020
3926.000153
1249.999311
3427.999959
1878.000011
1579.000005
758.000050
943.999984
633.999987
711.000025
2977.000017
257.000050
1736.000001
34.000137
472.000022
1595.000008
1710.000028
632.000003
249.000028
1467.000014
376.000024
1600.999999
302.000023
3962.999960
82.000046
2227.000014
2013.999987
1432.999963
2957.999972
554.000000
3668.999936
659.000173
3926.999979
3800.999918
313.000094
2718.000014
2260.000092
334.999975
2891.999920
3442.999969
712.000027
3352.999858
2312.999864
512.999966
2628.000013
3550.999962
856.000021
3698.999887
2640.999938
481.000140
3194.999790
3888.999946
3853.999941
1735.998573
7.999422
3704.000532
2725.999129
3733.000470
3414.000499
363.999901
2857.000087
1724.000139
2210.000148
3737.999718
2723.000008
1834.000130
2626.000028
1944.999905
2325.000033
1366.000044
2806.000070
455.999967
3047.000148
3825.999985
784.000075
3859.999898
839.999968
2155.000109
573.000156
3694.999982
1289.999975
1945.999591
3365.999311
2863.000059
3104.000028
2407.999992
1290.000007
3160.999971
3234.999954
2554.999760
600.999939
1144.000395
1410.000095
291.000151
1588.000193
3446.999861
1447.999887
1680.999980
3955.999928
3328.999998
3650.999957
3833.999467
1948.999873
2901.000053
1163.999982
1043.000013
3571.999959
1811.000085
2732.999926
1255.999977
1640.000069
3858.999883
3135.999930
1510.000005
3427.999601
297.000308
2874.999994
3923.999904
556.000000
125.001329
3884.999362
2318.999956
70.999937
3879.999869
3323.999996
895.999980
367.000047
3203.000008
2529.999991
746.000042
3785.999951
3593.999983
3644.999830
3852.000039
1507.999598
1698.000003
1805.000022
1343.999974
1730.000002
947.000084
2206.999976
200.000244
877.999424
2107.000053
757.999989
1178.999970
2007.000023
175.000022
1210.000018
1904.000030
2308.000321
1625.999957
1901.999980
485.000009
2105.999972
3122.999995
3803.999932
637.000000
1500.999949
3409.999998
2447.999961
2069.000021
2999.999971
1150.000001
1108.000024
3555.999952
2286.999997
2328.000016
2462.000033
3982.999892
718.000064
1422.999803
2345.000038
2861.000025
3182.000013
1807.000145
2656.999929
2910.999950
3293.999860
1744.000151
3057.000188
3136.999808
1126.000273
1760.000134
2628.000011
1140.999957
2183.999924
2881.999915
864.999927
1832.999944
848.000036
3443.999973
2622.999972
3310.000016
1484.999970
1283.000036
3643.999957
3411.999997
2555.000031
3041.999977
300.000092
1120.000059
3788.999428
2549.999902
1548.999973
737.000002
3041.999951
1913.999838
1923.999955
1554.000032
109.000048
2263.999994
3553.999939
1318.999927
3215.999879
260.000208
498.999893
1506.000017
263.000040
2398.999986
3304.999978
2700.999985
776.999983
129.000088
3327.999990
186.000211
417.000155
2778.999833
2682.999799
2589.000043
237.000071
3246.999991
2852.999986
2879.999988
524.000017
3998.999883
783.999956
1114.000069
2642.999965
784.000031
1042.000072
1107.000011
96.000070
1218.000004
225.000084
3230.999985
763.000183
285.999976
3893.999971
3616.999713
2835.000052
3057.999918
2081.999967
2053.000008
1315.000009
617.000041
1314.000095
3679.999340
2779.999649
3005.999915
3563.999962
1637.999918
1023.000020
1752.000023
2242.000020
1545.000026
1825.000182
1756.000200
2462.999983
1002.000070
2080.000029
485.000020
1490.999982
3173.999970
3543.999972
2387.999664
161.000384
2737.999989
3840.999943
1379.000004
2847.999952
1765.999793
838.000042
2250.000902
2942.000144
2958.999964
488.000005
1135.000024
2596.000050
3205.999943
3597.999925
113.000167
435.000046
3453.999975
3961.999938
110.000102
2702.000000
2432.000018
1440.000017
3885.999889
3170.999911
903.999986
1289.000026
2945.999995
3538.999947
3582.000018
2850.000114
2042.999965
3985.999755
3319.000013
3191.999897
2676.000006
3656.999906
3874.999861
3463.000017
619.000260
3924.999925
1877.000005
2708.999892
3679.999849
2595.000028
331.000039
3499.999958
1819.999860
2446.000058
2956.000142
2028.999972
227.999882
424.000139
447.999730
3744.001043
617.999997
2772.000007
871.999985
2646.999940
1439.000767
3619.000036
709.000009
1847.999971
1770.000000
1528.000032
2354.999958
1859.000042
229.000201
31.000367
1641.999855
2987.999899
1906.000015
3567.999938
2507.999991
369.000118
2302.999949
986.999940
2107.000289
2210.999867
1726.000598
3.000444
1270.999987
1064.000014
3525.999992
3185.999970
376.000044
1541.000013
1078.000108
2121.999880
226.000020
3764.999963
1403.999960
2023.000044
3357.999972
532.000032
1408.000000
3186.999981
2230.000006
1293.999998
2050.999988
3372.000029
1492.000014
644.000007
2779.999964
522.000049
1949.000008
898.000036
3327.999977
1976.000005
387.000000
2202.000125
1138.000039
3957.999919
1457.999903
3667.999869
2145.999994
1428.000008
173.955122
3658.022436
414.000089
2062.000032
655.999941
3553.999702
2315.000070
2333.999820
3159.999981
635.000044
1545.999978
3963.999914
2055.000043
703.000044
3033.000014
1842.000004
1683.000424
3300.001711
1215.999881
1446.000062
3936.999850
1620.999955
303.000027
2386.999967
42.000085
3042.999976
776.999875
1710.000251
2386.000011
870.000038
893.000002
2417.000036
1728.000111
824.000213
766.000014
3857.999875
466.000042
1893.000001
186.000089
3108.999981
1335.000983
3045.998843
2494.999764
3701.999865
1715.999930
96.000043
492.000406
873.999833
2305.999850
3259.999996
402.999937
506.000013
2816.999981
2233.999965
1934.000507
3352.000384
2892.999997
3817.999896
3503.999910
5.000115
1912.996575
1691.999173
1943.999947
187.000090
360.999847
2256.000114
2525.999989
2747.999923
2049.999915
1053.999926
2795.999981
1809.000021
2311.000034
626.000058
3001.999880
2912.000111
3552.000012
2157.000048
2346.000163
1661.000072
250.000067
3926.999859
1552.999956
1871.000025
2556.999808
2584.000303
10.000149
1110.999948
2337.000088
3512.999995
277.000129
2660.999996
3073.999913
1324.000084
3753.999899
326.000128
138.999907
3878.000074
342.000146
2225.000365
902.000019
2826.999986
3154.000043
380.000010
1946.000073
3290.000099
2993.999897
3299.999964
3141.999935
1990.000025
696.000040
2618.999993
412.000035
1692.999973
754.000020
1447.999969
360.000031
1586.999926
2123.999986
1928.999978
1902.000021
3182.999984
1606.000023
2336.999992
3533.999992
636.000044
46.000093
3629.999983
1669.000029
3124.999935
3156.999973
173.000085
3657.999952
585.000121
1482.999789
1339.000110
3985.999812
2051.999850
2368.000462
175.999822
3327.000039
2429.999997
3466.000067
36.999986
3632.999921
3570.999943
3794.000001
3616.999858
3254.999985
1637.999977
707.000330
1147.000253
777.000034
1157.000193
2893.000039
2991.999986
2456.999958
2978.000160
3959.999900
1346.999943
3743.999967
1026.000034
2711.000031
492.000110
368.000002
477.000107
2660.000132
270.999955
1287.000040
3878.999947
2686.999985
586.000031
613.000056
1362.999914
3124.000129
609.000145
2973.999987
3065.999979
1228.999960
3026.999915
3660.000183
2771.000079
873.000041
1835.000006
2123.999731
2203.000128
2944.999962
1214.999953
88.000032
2502.999947
2867.999985
1541.999990
3500.000141
2155.000038
936.000044
1630.999947
1717.000074
958.000080
1475.999978
2186.999991
2933.999781
2198.999936
1769.999504
3071.999922
